RMSE 0.146923224864514
Av. abs error 0.11266659135345
Pearson Correlation 0.486654509267517
Spearman Correlation 0.473232869313047
Orness 0.657593158721478
i Shapley i
1 0.228836314596752
2 0.197900663739923
3 0.0945000220602979
4 0.47876299960122
binary number fm.weights
1 0.506371865038678
2 0.455355176427101
3 0.506371865038767
4 0
5 0.506371865038678
6 0.636295469941528
7 0.636295469941541
8 0.61794113973871
9 0.943815090852023
10 0.617941139738738
11 0.961598815020318
12 0.943815090851971
13 0.943815090851973
14 0.999999999998278
15 0.999999999998193
